[1, 2]
[3, 4, 5]
[6, 7]
[8, 9, 10]
[11, 12, 13]
[14, 15, 16]
[17, 18]
[19, 20]
[21, 22, 23]
[24]
[25, 26, 27]
[28, 29, 30]
[31, 32, 33]
[34, 35, 36]
[37, 38, 39]
[40, 41]
[42, 43, 44]
[31]
[45, 46, 47]
[48, 49]
[50, 51, 52]
[53]
[54, 55]
[56, 57, 58]
[31, 59, 60]
[61, 62]
[63, 64]
[65, 66, 67]
[68, 69]
[70, 71, 72]
[31, 73]
[74, 75, 76]
[77, 78, 79]
[80]
[81, 82, 83]
[34, 84, 85]
[86, 47, 87]
[8, 88, 89]
[90]
[91, 92, 93]
[94, 95, 96]
[97, 98]
[99]
[100, 101]
[102, 103, 104]
[105, 106, 107]
[19, 108, 109]
[110, 111]
[70, 112, 113]
[114, 115, 116]
[117, 118]
[119, 120, 121]
[122, 123, 124]
[125, 126]
[127, 128]
[129]
[130, 131, 132]
[133, 134, 135]
[136, 137, 138]
[139, 140, 141]
[142, 143]
[144, 145]
[146, 147, 148]
[149, 150, 151]
[152, 153, 154]
[155, 156, 157]
[158, 136]
[159, 160, 161]
[162, 63, 163]
[164, 165]
[166, 167, 168]
[169, 170, 171]
[172, 173]
[159, 160, 161]
[70, 174, 175]
[176, 177]
[49]
[178, 145, 65]
[179, 180, 181]
[144, 66, 182]
[34, 183, 184]
[176, 185]
[186, 187, 188]
[189, 190, 191]
[192, 193]
[91, 194, 195]
[196, 197, 198]
[199, 200]
[61, 201, 202]
[203, 204, 18]
[205, 206, 207]
[208, 209]
[4]
[210, 211, 212]
[213, 214]
[215, 216]
[217, 218]
[219, 220, 206]
[221, 222, 223]
[224, 225, 226]
[227, 228, 229]
[230, 231, 232]
[233, 234]
[48, 235]
[236, 237]
[238, 239]
[240, 241, 242]
[243, 244, 245]
[246, 247, 248]
[208, 249]
[250, 251, 252]
[22, 21, 253]
[254, 255, 256]
[257, 258, 259]
[154]
[260, 261, 262]
[225, 263]
[264, 265, 266]
[267, 268, 269]
[270, 271]
[272, 273, 274]
[275, 276, 277]
[278, 279]
[124, 228, 280]
[206, 281, 282]
[283, 202, 284]
[91, 285, 286]
[287, 288, 289]
[290, 291, 292]
[293, 294]
[13, 295]
[296, 297]
[298, 299, 300]
[37]
[301, 302]
[303, 304, 305]
[306]
[206, 307, 154]
[308, 309, 310]
[311, 312, 313]
[314, 18]
[206, 315]
[316, 317, 64]
[318, 319, 277]
[320, 321, 64]
[322, 323, 324]
[325]
[4, 208, 326]
[327, 328]
[329, 330, 331]
[280, 332, 333]
[334, 335, 336]
[337, 338]
[339, 340, 341]
[342, 343, 344]
[345, 346, 347]
[61]
[348, 92, 349]
[350, 351]
[201, 352, 353]
[330, 354]
[355, 356, 357]
[358, 359, 360]
[361, 362, 363]
[24, 364, 365]
[348, 366, 367]
[368, 369, 370]
[371, 372, 373]
[374, 375, 376]
[377, 378]
[379]
[53, 380, 381]
[314]
[382, 383]
[384, 385, 386]
[277, 387]
[203, 183, 388]
[389, 390, 391]
[392, 393]
[183, 394]
[395, 396]
[397, 398, 399]
[238, 400, 401]
[402, 403, 404]
[405, 406]
[407]
[164, 408]
[382, 409]
[410, 411, 412]
[413, 113, 414]
[415, 416]
[417, 418, 419]
[420, 421, 422]
[423, 424, 323]
[21, 23, 378]
[425, 426, 427]
[428, 429, 430]
[431, 378, 432]
[433, 434, 435]
[436, 65, 62]
[437, 438, 439]
[431, 378, 432]
[129]
[440, 441]
[442, 443]
[99, 444, 445]
[446, 447]
[448, 56, 112]
[449, 450, 451]
[452, 162, 453]
[454, 455, 456]
[457, 458, 459]
[460, 461, 462]
[463]
[464, 465, 466]
[467]
[176, 455, 90]
[433, 468, 469]
[470, 471, 472]
[80, 53, 204]
[473, 474, 475]
[476, 477]
[478]
[479, 480, 481]
[482, 483, 484]
[485, 486]
[487, 488]
[489, 490]
[178, 491, 492]
[493]
[494, 495, 496]
[497, 498, 499]
[285, 500, 501]
[502, 503, 504]
[223, 505, 506]
[377, 507]
[508, 509, 510]
[511, 512, 385]
[513, 514, 153]
[21, 122]
[515, 183]
[516, 517, 518]
[182, 519, 520]
[308, 309, 310]
[521, 438]
[522, 421, 523]
[66, 263, 524]
[525, 526, 527]
[528, 529, 530]
[531, 532]
[533, 534]
[535, 536, 537]
[436, 538, 539]
[540, 541]
[542, 543, 544]
[545]
[546]
[547, 8]
[364]
[548, 549]
[550, 551, 345]
[552, 553]
[554, 555, 49]
[556, 557, 558]
[559, 560, 561]
[562, 563, 564]
[565, 566]
[566, 567]
[405, 568]
[569]
[185, 144, 61]
[92, 570]
[571, 572]
[573, 574, 451]
[445, 575, 444]
[91, 194]
[70, 112, 576]
[577, 578, 579]
[260, 262, 261]
[577, 580]
[194, 285, 581]
[49, 578, 582]
[314, 582, 518]
[577, 583, 413]
[314, 584]
[585, 586, 587]
[260, 262, 261]
[588, 507, 534]
[261, 589, 590]
[577]
[591, 592, 367]
[593, 594]
[382, 595, 596]
[597, 598, 599]
[600, 522]
[601, 602, 603]
[604, 605, 606]
[65, 607, 608]
[119, 609, 610]
[119, 611]
[612, 112, 613]
[612, 112, 613]
[614, 615, 616]
[112, 612, 613]
[617, 618]
[619]
[348, 152, 620]
[621, 622, 623]
[624, 625, 626]
[627, 628]
[629, 630, 631]
[632, 633, 634]
[635, 527]
[577, 636]
[577, 583, 413]
[637, 638, 639]
[640, 641, 642]
[643, 502]
[577, 580, 512]
[597, 598, 644]
[133, 645]
[646, 647, 648]
[129, 314, 649]
[650, 105, 651]
[652, 653, 654]
[655, 586, 656]
[657]
[658, 659, 660]
[661, 662, 663]
[664, 374, 563]
[665]
[666, 667, 668]
[669, 670, 671]
[672, 673, 674]
[675, 676, 677]
[678, 679, 680]
[681, 682]
[430, 683, 684]
[497, 685, 190]
[686, 687, 688]
[689, 690, 691]
[451, 692, 693]
[497, 694, 695]
[4, 288]
[696, 697, 606]
[698]
[699, 700]
[701, 702, 703]
[704, 705, 706]
[707, 708, 709]
[710, 711, 712]
[713, 714, 685]
[497, 694, 715]
[716, 717]
[718, 719, 720]
[546, 721, 722]
[348, 616]
[723, 724]
[719, 725, 726]
[727, 728, 729]
[730, 731, 732]
[733, 734]
[735, 289]
[694, 736, 737]
[687, 738, 739]
[377, 247]
[19, 740, 741]
[742, 743, 236]
[744, 745]
[164, 746]
[747, 748]
[749, 750]
[335, 751]
[752, 522]
[753, 247, 754]
[755, 756]
[346, 224, 63]
[12, 280]
[757, 150]
[345, 758]
[168, 759]
[760, 751]
[761, 762]
[763, 764, 618]
[765, 758, 766]
[144, 283]
[767, 768, 769]
[770, 769]
[545, 771]
[280, 90, 228]
[747, 772, 773]
[319, 774]
[775, 207, 776]
[777, 778]
[664, 521, 779]
[325, 780]
[746, 280]
[781, 782]
[783, 784, 785]
[399, 453]
[786, 787, 788]
[789, 790]
[224, 791, 792]
[793, 794]
[795, 463]
[796, 797, 798]
[799, 800]
[801]
[802, 803, 804]
[290, 292, 291]
[367, 53, 12]
[805, 806, 807]
[808, 809, 810]
[811, 812, 813]
[641, 361, 814]
[13, 815, 816]
[532, 817, 425]
[818, 819, 119]
[99, 253]
[820, 821]
[53, 56, 70]
[822, 823, 824]
[825, 826]
[817, 827, 828]
[95, 829, 319]
[830, 831, 832]
[281, 833, 834]
[835, 433, 836]
[837, 838]
[839, 840, 841]
[615, 842]
[625, 843]
[281, 34]
[281, 386]
[844, 566]
[405, 845, 846]
[367, 69, 82]
[847, 848, 849]
[850, 249, 514]
[851, 325, 852]
[467]
[853, 854]
[855, 286]
[856]
[856]
[272, 857, 858]
[99, 859, 860]
[855, 861]
[862, 863, 864]
[521, 566, 865]
[866, 867]
[91, 286]
[868, 325]
[377, 869, 327]
[90, 870]
[871, 366]
[872, 349, 91]
[166, 873]
[24]
[160, 874]
[616, 149]
[875, 232]
[129, 876, 877]
[878, 879, 880]
[337, 366]
[881, 882]
[37, 883, 545]
[884]
[718, 885, 886]
[364]
[361, 814, 534]
[887, 888]
[325, 348, 889]
[890, 891]
[364]
[56]
[56, 892, 893]
[349, 894, 895]
[896]
[23, 897, 898]
[899]
[900, 761]
[467, 901]
[129, 512, 152]
[902, 903]
[123]
[641, 904, 735]
[905, 906, 907]
[908, 909]
[910, 911, 912]
[538, 913]
[901, 914, 915]
[916, 267]
[917, 918, 919]
[264, 896, 920]
[921, 922]
[923, 924, 405]
[31]
[74, 155]
[925, 926, 927]
[117, 928, 929]
[440, 65, 321]
[487, 930, 931]